123 40
jumanjithenextlevel 0.5191112 -0.38818073 -0.21017691 0.14348441 -0.24029054 -0.0059149326 -0.23664889 0.43843815 -0.8011189 -0.7043932 0.5655026 1.0131384 -0.6019977 0.3227258 0.82646126 1.2759235 1.323822 -0.35850143 0.55403656 -0.055080194 -0.24569818 0.76425654 0.81123316 -0.10383623 -0.09652677 0.688298 -0.19405107 0.45671806 0.46245757 0.9065856 0.70997024 -0.49958137 0.21666676 0.32780087 0.7392818 0.26846522 0.05854941 0.5250587 -0.19676964 0.04639237
pressjunket 0.2306371 -0.66667813 -0.6842305 0.75233936 -0.05268679 0.4254171 -0.10460392 0.28575045 -0.68496263 -0.30838805 -0.105683416 0.46633342 -0.637981 0.21646088 0.7388925 1.223233 1.1126419 -0.38325658 0.13876854 0.28813285 -0.2227555 0.6316486 0.6483961 -0.57589304 -0.10400557 0.8010593 -0.3508587 1.1476159 -0.109291 1.6049352 0.53801674 -0.1748802 -0.13080813 0.27411428 0.9942882 0.4932545 0.3400948 -0.1006369 -0.22267143 -0.14173315
bricksonbricks 0.5473473 -1.0984931 -0.33880225 1.0336883 -0.14283167 -0.1501593 0.27644354 0.9460814 -0.5846812 -1.1401876 0.14535728 0.74768573 -0.5160177 0.05548661 0.7622682 1.0152545 0.6433545 0.539892 -0.41202334 -0.54989386 0.6952327 1.0568199 0.5137886 -0.92680496 0.13180497 0.7677818 -0.5140336 1.3650988 -0.26794866 1.358132 0.5222954 -1.1399989 0.6906546 0.5151533 0.041605078 0.26326227 1.1784742 0.8502521 -0.40598553 0.12380442
vivamexico -0.08409973 -1.1367865 -1.0140139 0.5628095 0.42425302 -0.3933522 -0.48511606 0.6688551 -1.5316867 -0.3696944 0.3183978 1.2892802 -1.1655744 0.012462013 0.83521307 1.7247922 0.27447557 0.052895155 -0.17521037 0.52008563 0.036725793 0.7240888 -0.04225291 -0.27468523 0.13941672 0.7423363 -0.44853947 0.5663267 0.6085833 0.47123426 0.8925073 -0.3887575 -0.32411718 0.14238971 0.9605171 0.27277085 1.4184624 0.7618634 0.17013851 0.3388236
jumanji -0.5409303 -1.1361986 -1.0874112 0.46227273 0.81282157 0.030393198 -0.106361106 0.3783655 -1.5884783 0.14868088 -0.25441104 0.65733665 -1.0369693 0.0045845914 0.75137323 1.2910885 -0.06604125 0.010857749 -0.23913895 0.21076019 0.19371067 0.09783921 -0.45689106 -0.45564958 0.14507796 0.71607965 -0.5147575 0.6933942 0.3352346 0.43147585 0.42485866 0.089002445 -0.6287176 -0.02614583 0.8696417 0.02146633 1.1625048 0.375524 -0.08133809 0.5562127
TheDannys -0.6098363 0.62623763 -1.1078671 0.15770231 -0.006218781 -0.77698255 -1.2956992 0.5304124 -0.88785946 -0.111149214 0.8506822 0.9411486 -0.5669367 -0.8949456 -0.42914623 0.2629428 -0.20207669 0.31334877 -0.062704265 0.9210521 -0.07696905 0.83071476 -1.0386224 -0.121189386 -0.5983759 1.4842566 0.11167544 -0.5695187 -0.08455104 0.3484417 1.1163149 -1.2680721 0.66312134 0.81867284 -0.123098984 0.2854726 1.7751118 0.6590098 -0.2528098 -0.728885
BrotherKev -0.8939267 0.7668622 -0.99957806 0.38380656 -0.02754103 -0.7385821 -1.0944065 0.6998563 -0.76683456 -0.21243687 1.0412309 1.2576858 -0.49064523 -0.72937644 -0.040180784 0.23744583 -0.613922 -0.026444113 -0.24559666 0.8121199 -0.18398362 0.9353404 -0.9259841 0.25144616 -0.6286364 1.1488107 0.30969694 -0.4649841 -0.10096213 0.046930637 0.8485419 -1.5761992 0.37980843 1.0820627 0.34003097 0.58626384 1.9717565 0.12902425 -0.43899098 -0.3828907
JumanjiTheNextLevel -0.2193638 -0.25305948 -1.0993168 0.8672862 -0.339564 -0.48308897 -1.0057766 0.10997531 -0.9188401 -0.08705592 0.2772258 0.60754895 -1.0617778 -0.64437807 0.26613173 0.61083114 -0.12949228 -0.0430461 -0.06769504 0.5829097 -0.47233757 0.91421974 -0.14120159 0.094802044 -0.49504495 1.1682669 -0.1355586 0.015834808 -0.3470201 0.3666761 0.6318795 -0.71314794 -0.41115442 0.38940606 0.5686543 0.86867285 1.5461084 0.5967194 -0.37980795 -0.09924492
mexico 0.3602959 -0.376889 -0.52867407 1.1087047 -0.7801136 0.18907048 -0.49850827 -0.067663334 -0.38385215 -0.47215146 0.05779318 0.13458478 -0.5740019 -0.12585627 0.30251643 0.41560435 1.0791576 -0.42518848 0.13322464 0.052889004 -0.79987395 0.56203175 0.7315175 -0.33065724 -0.3118949 0.8242273 0.21863523 0.28278306 -0.3516596 1.0761871 0.22656271 -0.35295007 -0.13539356 0.38882938 0.42142332 0.95377755 0.43729013 0.197451 -0.67398703 -0.18663712
Oprahs2020VisionTour -0.0048354226 -0.0065194606 -0.009138541 -0.0049958336 0.011219828 -0.007956338 -0.009585077 0.006607759 0.005977451 0.007906158 -0.00857531 0.0024939207 -0.0036318777 -0.009455566 0.0064376006 -0.004471794 -0.007460718 0.0005178498 -0.0063885613 0.00164482 0.008065558 0.0045445943 -0.0037953947 0.008986552 -0.009730732 -0.0058468627 0.0007581813 0.012367866 0.0024405476 -0.004057398 0.0012768852 -0.0013854653 -0.0011142911 -0.0088403 0.006828786 -0.012375506 0.007702208 -0.0064800726 -0.006697163 -0.0011411142
atlanta -1.0931576 -0.23126976 -0.5963147 -1.1263869 0.9361113 0.75959337 0.635987 0.086077236 -1.0622368 -0.86403084 0.033196148 1.1059594 0.16420712 -0.6614365 1.0904831 1.2376248 0.76629716 -0.6357156 -0.4808559 -0.56406015 0.3607318 -0.08166851 -0.95486075 -1.4040785 0.47607917 0.55876064 0.46063083 0.25112918 -0.6778868 0.15340848 0.27224818 -0.15154661 0.09853828 0.47150874 0.24103777 -0.608011 0.7810808 -0.8930608 -1.1621637 -1.7305236
gratitude 0.652543 -0.3695282 -0.13007186 0.40944928 -0.44176865 0.26184532 -0.007463982 0.3415292 -0.50131774 -0.99567467 0.5214217 1.0771691 -0.53631914 0.2652777 0.72540903 1.3600372 1.6278204 -0.24732116 0.47991523 -0.14015792 -0.23646979 0.74789613 0.9547594 -0.19817336 -0.25669307 0.6050352 -0.32969368 0.8270845 0.4411573 1.1033226 0.85441166 -0.5518998 0.36123988 0.23959115 0.6291291 0.30706096 0.0023535937 0.28821823 -0.13244106 -0.07318314
teremana 0.6760539 -0.41095498 -0.08040026 0.2443205 -0.37820107 0.14424345 -0.1615861 0.3254657 -0.5704893 -0.6823501 0.59459287 1.0064509 -0.5173581 0.31589556 0.73220223 1.3080766 1.4354435 -0.2120312 0.46705827 -0.19772698 -0.18778671 0.6898479 0.7772678 -0.15761761 -0.17264903 0.709444 -0.21721971 0.70369416 0.44514385 0.907024 0.84425515 -0.4568269 0.3139341 0.25987205 0.5994243 0.19726378 -0.04539598 0.33904526 -0.011317574 -0.06723519
GlobalPressTour -0.86350083 -0.90708816 -1.2614549 0.43910435 -0.40263957 0.46650916 -0.471145 0.42717397 -1.2272832 0.2144447 -1.0574311 -0.8085231 -0.6969359 -0.10514153 0.44441125 -0.117321156 0.46358368 -0.69335717 -0.005811583 0.028345391 -0.3498083 -0.33290267 -1.0286454 -0.64754957 -0.54661995 1.3569554 0.33474734 -0.2654296 -0.69768876 1.3781445 -0.667552 0.082834415 -0.9716694 1.650833 0.86657447 0.3921559 1.083944 -1.074045 -0.907168 -0.11320674
hopeforhyrum -0.009752368 -0.004746613 -0.009974497 0.0069036493 -0.0014570747 0.006802569 0.0020069955 0.006169145 0.0013903407 -0.0016279491 -0.005679108 -0.005982162 -0.0021578837 0.0074187154 0.0074854074 -0.011452325 -0.0039635403 0.004750916 -0.00839272 0.009760273 0.0064454908 -0.0032429947 -0.010504998 0.0029441463 0.01038074 0.009690718 0.012236076 0.00090861134 0.011482383 -0.0069825174 -0.00422932 -0.0014423532 -0.007982308 -0.0028388975 -0.0099959355 0.0105739115 0.0040233033 -0.004215625 -0.001042828 -0.007178001
HappyBirthdayDannyDeVito -0.91447634 -0.8156927 -1.1875762 0.29824683 -0.3474554 0.41785565 -0.5317881 0.55509156 -1.2448608 0.23023899 -0.92875504 -0.77301824 -0.4756432 -0.13616835 0.3572413 -0.085078016 0.4954526 -0.8063783 -0.020620566 0.011324643 -0.26037782 -0.32580963 -1.1041906 -0.7187936 -0.50777245 1.3588033 0.34334874 -0.23669124 -0.67401886 1.3340864 -0.6632428 0.096017875 -0.9335825 1.6856189 0.8518753 0.37172428 1.0883298 -1.2658056 -0.85359037 -0.061622545
DCUniverse -0.006056638 -0.012498371 0.011701175 -0.0042186882 -0.01112542 -0.009009495 0.0031021181 0.007686098 0.0012898995 0.0019499911 -0.0017398763 0.0020792503 -0.0010607569 0.010003687 0.004687893 -0.0053617256 0.0044401595 -0.0043845354 -0.0079713585 -0.005066247 0.010867662 0.0066454904 -0.01147272 0.011040336 -0.00947232 0.008420237 0.0016011624 -0.003593618 -0.00021498092 -0.0072075203 0.011272608 -0.0048173848 -0.0038335938 -0.010000137 0.008125787 0.010051806 0.002011885 -0.0020969016 0.004019388 -0.0055591078
spring2020 0.012349545 -0.0038436595 0.0044869194 0.010288767 -0.0033394992 0.009772063 0.0070619443 -0.00022996776 -0.004548833 0.009409095 0.004300953 0.0008599786 -0.0039880853 -0.011716432 -0.010740272 -5.2349642e-05 -0.0114461435 -0.012109389 -0.003200151 -0.0011327695 0.009374236 -0.008163311 -0.012106468 4.827231e-05 -0.01157624 -0.0011526439 0.009011903 -0.010348509 0.0028799921 -0.0033491775 0.012484887 0.00031016767 -0.0013024658 -0.0028081778 -0.0061103525 0.008991406 -0.006435481 0.011425289 0.008385544 -0.010561541
lifeisagift 0.009790343 -0.00022620894 0.007710741 -0.005892642 0.0021711756 0.00039559416 0.0008043898 -0.0022868793 -0.0012854887 -0.006425481 0.009552793 0.005740284 -0.005930601 -0.0017777011 -0.010687581 -0.0036506085 0.0019722627 0.012053504 -0.012285257 -0.0028066617 -0.008688582 0.008645187 -0.011610048 0.0029150266 0.0028558942 0.006861075 0.0025980845 0.0016769227 0.012154146 -0.0020250035 0.0093880305 0.006686273 -0.0030377181 -0.0030371202 0.0062658926 -0.005304027 0.0018249843 -0.009588184 0.008361756 -0.0097225085
veteransday -0.16442406 -0.5017273 -1.2275858 0.21339345 0.8786564 0.11007415 -0.36970088 0.26047722 -0.5390946 -0.7019117 1.6714054 1.3116702 -0.17119083 -0.69711274 -0.46646485 -0.117902175 1.3319218 -0.93892443 0.2997994 -0.5583353 0.7660317 1.0503111 -0.7548529 0.1789374 1.0975792 1.3827542 0.3456904 0.34788534 0.08837837 0.044949636 -0.07405818 -0.19053267 0.7871186 0.71732414 0.14035237 0.35888103 0.75381434 -0.41890597 -0.40093055 -1.056016
service -0.11883785 -0.5403452 -1.1517826 0.21318509 0.9589582 0.17785685 -0.37737456 0.31098914 -0.53354275 -0.5888491 1.6707703 1.2641692 -0.205158 -0.8142343 -0.48534426 -0.16927055 1.2824377 -0.86635965 0.1642339 -0.6323683 0.76833314 1.0071627 -0.58387744 0.24193874 1.0614263 1.4489677 0.43363947 0.32914907 0.119361825 0.06421473 -0.12670387 -0.24714549 0.696632 0.7581812 0.16199104 0.34984544 0.6585848 -0.39503068 -0.3510256 -0.97459435
beatupandworn -0.10356277 -0.47267768 -1.1546246 0.26398632 0.93267286 -0.064944744 -0.38726032 0.2159964 -0.6620153 -0.5360674 1.5767243 1.1589432 -0.01043219 -0.672318 -0.424467 -0.06294194 1.263758 -0.7990288 0.23568396 -0.70207226 0.6892997 1.0874172 -0.62289655 0.23279351 1.1004459 1.5188384 0.3933037 0.3520056 0.040931903 0.06943391 -0.03054109 -0.14002867 0.7105024 0.6025157 0.28091404 0.3406346 0.6175398 -0.4575686 -0.37978154 -0.9713202
evenbetter -0.21076621 -0.5447805 -1.167912 0.3355715 0.86476725 0.056311477 -0.30648708 0.07074646 -0.6983672 -0.4799105 1.656886 1.2608273 -0.13060586 -0.66855013 -0.37309703 -0.13434556 1.2677745 -0.82049304 0.31126148 -0.5901141 0.63589334 0.9446341 -0.6438467 0.2581007 1.0212785 1.5475416 0.39868903 0.3909378 0.11896327 0.07237334 0.039080687 -0.1536341 0.8125591 0.66866696 0.23013031 0.3512485 0.69374514 -0.4063991 -0.3867481 -1.0039556
projectrock 0.10818983 0.45428863 -0.5274586 -0.25135633 -0.1298309 0.6179301 -0.0053892783 0.13017076 -1.0343285 -0.6699284 1.1536059 0.6808158 0.6541548 0.4298684 -0.40047216 -0.17083591 0.57136697 -1.1370343 0.5990797 0.30978906 -0.5905506 1.19408 -1.3447767 -1.1432109 -0.77471024 0.98579246 0.088457 -0.8951701 1.1396884 1.207386 0.47524172 -1.1122991 -0.45705613 0.4269149 0.7370707 -0.88922244 0.5801709 0.46311724 -0.04044456 0.056878306
underarmour 0.07692018 0.35535923 -0.59270704 -0.29882625 -0.37701946 0.40699792 -0.16521585 0.42530245 -1.1871815 -0.46665817 1.2063874 0.6945938 0.7796143 0.31002748 -0.23099263 0.11605633 0.55041665 -0.7174615 0.42567775 -0.19946904 -0.65457034 0.87366825 -1.3797508 -1.334888 -0.75994086 0.9430636 0.33078247 -0.93839175 0.92115116 1.145364 0.6446906 -1.3997242 -0.5163878 0.35548702 0.485591 -0.95072687 0.97586834 0.3275301 0.25682873 -0.01587835
uafreedom 0.05079392 0.36906058 -0.61709213 -0.18118048 -0.37467584 0.4230842 -0.14416054 0.28951716 -1.2561314 -0.65598965 1.3416941 0.60185766 0.92970294 0.49007133 -0.2901512 -0.06584888 0.67315906 -1.0884913 0.5792211 -0.034506213 -0.68935245 1.0784019 -1.5782607 -1.4203767 -0.9154398 1.1769054 0.31823128 -1.0072918 1.147706 1.2798642 0.94242364 -1.2687544 -0.44265047 0.3609559 0.587255 -1.0081702 0.8738033 0.363457 0.28294322 0.14781174
UNSTOPPABLE -0.0028891843 -0.011962436 -0.0075559765 -0.0033865105 0.00887896 -0.002674508 0.012197935 0.012157605 -0.0006861985 0.0019458281 0.0116924355 0.0057519795 0.0064106835 0.0006896835 0.0031992132 0.010200963 0.009797444 0.0076696733 -0.010558252 0.008853908 -0.008288485 -0.00955182 0.0033075428 0.0039370144 0.008030807 0.0074316664 0.008363874 0.0042068595 0.008179312 -0.007047971 -0.009990352 0.0028156163 -0.003956815 0.003082891 -0.00030565728 0.00771189 -0.008666515 0.000315696 -0.0063720807 -0.009605737
TheAnthonyRoblesStory 0.007886516 0.973813 -0.72873044 -0.28533491 0.78846204 0.75583225 -0.97555786 -0.38802278 -0.65990347 -0.9178097 0.17844225 0.5318661 -0.34322798 -0.14280084 0.5859112 1.2321757 1.3511456 -0.14531106 -0.89537776 -0.6286711 -0.41475314 0.69727814 -0.4725237 -0.43824533 0.8853035 0.51167786 -0.87161344 0.9976539 -0.013076344 0.37280002 0.41412008 -0.64310473 -0.34875476 0.90636754 0.53371507 -1.653973 0.961992 -1.1308188 -0.7481141 1.135073
HobbsAndShaw -0.00805394 0.0034081498 -0.009931603 -0.008745268 0.0069726864 0.003512037 -0.010972852 0.0042823525 -0.010212483 0.011274715 0.012237371 0.0075026965 -8.395314e-05 -0.0118231075 0.005993611 -0.006937531 -0.0029426618 -0.008081675 0.00014757086 0.0057434076 0.011477505 0.0010703076 -0.0008966103 0.008288966 0.012435383 -0.004693508 -0.0117992805 -0.009306947 0.0028136019 -0.010518843 0.0018789498 0.008156509 0.0019370168 0.0037146052 -0.010776638 0.008020551 0.005865204 -0.008117244 0.0013365075 0.005647802
UFC244 -0.83927554 -0.13771784 -0.52433443 0.5708052 -0.061573535 -0.09983495 -1.0170116 -0.13366406 0.70994395 -0.52376676 0.4223561 0.3857034 -0.36486888 0.7485408 0.4131114 0.3500149 0.029838301 0.61467004 0.30808845 -1.172972 0.1433166 -0.8423202 -1.0174603 0.019718954 -0.38041312 0.26738113 0.348265 -0.18203184 0.6051136 0.2595502 0.81586945 0.028013943 0.33002692 0.09816599 -0.6979864 -0.34871402 0.5978282 -0.56411654 0.22540838 0.06708881
peopleschamp -0.3165837 -0.27674562 -0.50591093 0.26677915 0.017379688 0.3581889 -0.233644 0.08057502 -0.8374063 0.96334445 0.6337722 0.078811064 -0.07007739 -0.156024 0.81159115 0.44738966 1.134012 -0.18819328 -0.3718219 0.24811223 0.47140306 0.4868857 -0.36707893 -0.4544137 0.08189051 0.63082165 -0.2101688 -0.6622682 -0.007501467 0.38729885 0.36076483 -0.625342 -0.08332267 0.39181256 -0.4679158 -0.5563162 -0.1382055 -0.085194424 -1.3409878 0.16927041
1 -0.04742626 0.383086 -0.76611537 -0.6333534 -0.046699855 -0.24518545 0.0010050216 -0.44886327 -0.35077333 0.45018348 0.2588959 0.8641077 0.07994452 -0.41370237 -0.16160049 0.009410453 1.001529 -0.6006032 0.7535905 0.045762714 0.55372596 0.4457924 -0.3214425 -0.8996173 -0.13894796 -0.25450623 -0.36741439 -0.25042447 0.637285 -0.063284375 0.649334 0.42874935 -0.304467 0.1081226 0.74898833 0.38899115 1.079298 -0.6535845 -0.4591176 0.4240472
MarkKerr -0.84524006 -0.24174546 -1.7498811 -0.07199145 -0.1606657 -0.82541496 0.034764662 -0.42709965 0.16759713 -0.63527846 0.8138325 -0.0259813 0.43582654 0.56761986 1.4345614 -0.46454102 1.2328093 -1.1042619 -0.0815289 0.7944073 1.2760962 0.1976186 0.077059396 -1.1796817 0.5281972 -0.51081175 -0.24496117 0.19306493 0.62774736 0.72977304 0.27077764 0.13807315 0.077375345 0.6269839 1.173294 0.47083062 0.9076198 -0.600689 -0.47363272 0.670422
TheSmashingMachine -0.038879026 -0.03178694 -1.912394 -0.010554797 0.35226512 -0.16923703 -0.6666127 -0.49672905 0.31579572 0.18954757 0.36143625 0.4003751 -0.019018348 0.13139771 1.3363757 0.13466597 0.9766582 -1.3967032 0.5846865 1.0027107 0.5482647 0.15572564 -0.16619252 -0.40656036 -0.09794156 -0.6476247 -0.59958184 -0.5748715 0.30662125 0.3940021 0.71162283 0.36461878 0.110507056 0.5437105 1.4946213 -0.31342065 0.9450374 -0.45967922 -0.2003629 0.7478717
BMF -0.9835955 -0.45406532 -0.2779975 0.2789841 0.19450107 0.4989618 -1.2601374 -0.18492137 -0.20548858 -0.43714392 0.86895096 0.6566168 0.5985285 1.0645883 0.54298943 0.8230819 0.72748625 0.48992848 0.04500998 -0.5446657 0.26854452 -0.6029586 -0.55519086 -0.45114905 -0.53646886 0.32747447 0.47930083 0.2632216 1.4431366 0.6026916 0.59290916 -0.4058465 0.22314852 0.46424982 -0.46674627 -0.75247073 1.6731893 -0.65624225 -0.32777083 -0.2793034
305 -0.9107651 0.2519458 -0.65014464 1.0027217 -0.12372122 -0.08972383 -0.37396213 -0.12222371 0.2926506 -0.3379447 0.9457295 0.5126655 -0.3419074 -0.012704017 0.36927873 0.67039007 0.24699771 -0.20418157 0.25367406 -0.978286 0.43967363 -0.74078923 -1.1182164 -0.43905163 -0.2281578 0.6399007 0.5335202 -0.0058654426 0.11062862 0.99001294 0.6230286 -0.15713885 0.69554347 0.37866572 -0.5006993 -0.36600366 0.3435365 -0.7463455 0.28530157 -0.033454534
thegluttonybegins -0.011904389 0.004923911 -0.0056262794 -0.008471437 -0.0024262872 0.001983218 -0.0024978723 -0.0011955025 -0.0064117745 0.0041332217 0.0032002954 -0.006210502 0.011490653 0.012281188 0.0066600097 -0.0042486787 -0.0015688743 -0.000980027 0.0047208527 -0.010613374 0.010868565 -0.00678318 -0.01175942 -0.003131345 -0.004543106 0.0070313225 0.008444888 0.0015116753 0.0022415146 -0.0033652466 -0.005413747 0.01127359 0.0123877255 0.005542756 0.007366308 -0.01214457 0.0027951952 0.0018676696 -0.012140756 0.00461004
tcb -1.2671171 1.0413986 -0.8706465 0.6503221 -0.25508523 -0.15924543 -0.5212283 -0.38248202 -1.631034 -0.6979281 0.3253439 0.77459687 1.02039 0.002501504 -0.08001576 0.87645835 1.2446444 -0.18493809 -0.99517524 -0.18544865 -0.16815482 0.7664683 -0.43958896 -0.16025066 -0.29867685 -0.38596714 -0.11789429 0.8037075 -0.6693984 1.1117885 -0.6644832 0.32295582 0.37012798 1.9306438 0.4789115 -0.8217259 0.17965622 0.15318185 -0.79251176 -0.56220055
BMFBelt -1.9147009 -1.0034469 -0.09206826 0.33409908 -0.17170608 1.2217349 -1.2901608 -0.43852147 -0.55644095 0.38123277 1.4112742 0.951172 0.38544214 -0.24098238 0.16921459 0.30800724 1.5895947 -0.44287634 -1.1998285 -1.1181724 -0.9023143 -0.23984306 -0.7686691 0.44920203 -0.35324436 1.0590862 0.3592421 0.42645758 1.4225247 0.64401263 1.4326403 -0.19148967 0.0058240583 1.101507 -0.72951275 -0.65346605 1.2559996 0.2839609 -1.9889652 -0.5540106
MasvidalDiaz -1.7733575 -0.97928464 -0.11216139 0.043086562 0.29648316 1.1002269 -1.4850776 -0.45680124 0.056173753 0.21404086 1.1619147 0.6556536 0.17378078 0.5868004 0.1605552 0.1258117 0.69258624 -0.2893531 -0.5602599 -1.0932862 -1.2418467 -0.24897248 -1.0056973 0.42026213 -0.35130382 0.79261225 -0.23919915 0.6964886 1.4575579 0.46088877 1.0142922 -0.08946584 -0.051367488 0.56500643 -0.45477703 -0.70920473 0.9787904 0.25441438 -1.7576833 -0.44748285
DiazMasvidal -0.7596492 0.24540432 -0.7288409 1.1273773 -0.42929524 -0.0042288974 -0.2614701 -0.6325855 -0.070131086 -0.42593044 0.6773186 0.5580742 -0.17390364 -0.14365219 0.44961998 0.6655461 0.51012045 0.11350335 -0.111967176 -0.96413404 0.52272457 -0.95759666 -0.8232664 -0.2333973 -0.31350443 0.7552444 0.69728553 -0.3275111 0.5312142 0.849639 0.6035247 -0.018068327 0.5345557 0.56047624 -0.68242216 -0.45467788 0.8937104 -0.7252607 0.49599284 -0.301563
YouWinHalloweenKevin -0.49986795 0.49073833 -1.7089716 0.39374518 0.63428134 -0.40655634 -0.007260229 1.1073978 -1.3127644 0.79978883 1.0090685 1.1510221 0.424584 0.08846826 0.07353279 0.8289968 -0.18471424 -0.4502324 0.23412538 0.43752968 -0.109327346 -0.2826585 -0.18167797 -0.24964121 0.45016885 0.5855431 0.093348876 -0.43089068 1.1961585 1.6166356 0.82769465 -0.7913468 -0.4430138 1.4720869 0.39613298 0.43280405 0.67225623 -0.31812087 -0.5868342 -0.5501986
Good2HaveYouBackBrotha -0.5061552 0.47947702 -1.6823037 0.46897158 0.7199631 -0.5430511 0.2086184 1.0743203 -1.2333776 1.1514746 0.9282902 1.0555868 0.4934148 0.029554507 -0.026169853 0.74022675 -0.5543071 -0.31170994 0.3107622 0.38648194 -0.4285731 -0.5153398 0.05038304 0.06578703 0.6178652 0.51082206 0.11185588 -0.5467872 1.3395696 1.5506854 1.028282 -0.7467105 -0.56726986 1.3133502 0.35130844 0.5387879 0.34120342 -0.064454675 -0.55851233 -0.5671642
IveMissedYou -0.4923737 0.55175394 -1.6878562 0.520746 0.7017438 -0.5526593 0.18005408 0.90124327 -1.1631078 1.030789 1.021972 1.077816 0.5120344 0.14104617 0.041003715 0.69541365 -0.5406186 -0.3211677 0.29582697 0.30197516 -0.32698447 -0.43197346 -0.095700055 0.026321923 0.5682817 0.46797135 0.12922858 -0.5881848 1.307347 1.5949229 0.88237727 -0.6853412 -0.56719023 1.3431839 0.31287646 0.47317216 0.4738691 -0.25157556 -0.5121593 -0.66811305
YoureAnAsshole -0.34298798 0.64595824 -1.7078195 0.38131776 0.7465913 -0.5706742 0.25766 1.2212305 -1.2480403 1.1645783 0.935172 1.0732603 0.5577309 -0.0027744616 -0.11346394 0.6185601 -0.51777536 -0.44602814 0.3531314 0.57446676 -0.3373797 -0.39738512 0.08639464 -0.05154186 0.6525087 0.42716873 0.07455024 -0.53555506 1.1067942 1.4843307 0.8755697 -0.71501595 -0.5571326 1.2965424 0.4834004 0.61199224 0.22558689 -0.07883152 -0.55157983 -0.56398517
IfYaSmell -0.9431019 0.33766496 -0.73730224 1.1219594 -0.09180075 -0.119016446 -0.376301 -0.3204463 0.005943381 -0.47485092 0.90432936 0.57493395 -0.30869254 0.04255758 0.40050927 0.838792 0.4564514 -0.032157466 0.122035325 -0.9383753 0.4349601 -0.81261814 -0.97456574 -0.5634064 -0.36775964 0.7405219 0.6774703 -0.018265892 0.46966738 0.988027 0.7393732 -0.07494953 0.6547586 0.40910947 -0.38084698 -0.43251446 0.7603856 -0.835663 0.31753758 -0.097612806
the305 -0.71064794 -0.047990497 -1.8016629 -0.25242665 -0.14241087 -0.8518823 0.1039557 -0.62038004 0.23087272 -0.58704764 0.7529745 -0.007649883 0.3578437 0.3953148 1.4241816 -0.6640238 1.2839292 -1.0979316 -0.05959917 0.7160192 1.3966529 0.22224715 0.16467664 -1.2368674 0.47592458 -0.62627906 -0.23959182 0.17678352 0.6970649 0.6881532 0.19515193 0.20537454 0.02475007 0.6016944 1.0881721 0.604948 0.9709137 -0.5057624 -0.4721981 0.6858545
sundaycheatmeal -0.5196608 0.43358892 -0.3450131 0.16817756 -0.0330006 0.7889462 -0.46708193 0.8073986 -0.4072666 -0.031865466 1.1594181 0.120424956 0.15099189 0.31591997 0.05382163 1.0176244 1.487087 -0.8081127 1.1243846 0.5793514 -0.46393344 0.09364928 0.15722181 -0.061379246 -0.98290205 -0.44811308 -0.62808967 -0.46768624 -0.08639907 1.698612 -0.06728091 -0.4645815 -0.023715341 1.2136981 0.015002943 -0.63042617 0.8866973 -1.9350936 -0.49988776 -0.14787583
barnyardmuthafucka -0.15324612 0.95799994 -0.096172296 0.06149132 0.15029475 0.6658206 -0.2830668 0.8840613 -0.41853777 0.077261984 1.4133364 0.31695142 0.33791566 0.41296393 -0.32589558 0.8110604 1.4813884 -0.97418046 1.1069242 0.5846661 -0.34273034 0.11223593 0.12841474 0.03804258 -0.8247573 -0.041329686 -0.27655572 -0.48404354 -0.18371789 1.6240618 -0.3786635 -0.3247702 -0.066612914 1.1866382 0.090543106 -0.62078685 0.7095848 -1.8917717 -0.77207965 0.0058414955
cheatmealsunday -0.23232439 0.8551698 -0.23607615 0.0021515286 0.07536256 0.6364735 -0.3184756 0.85512596 -0.48003572 0.19554959 1.3703692 0.1795747 0.2111187 0.3431556 -0.10856736 0.9428673 1.5970407 -1.1268793 1.43011 0.7003948 -0.47103843 0.41790867 0.23394729 -0.026498433 -0.8420435 -0.1715922 -0.68475425 -0.489538 -0.4115413 1.8268218 -0.19503884 -0.3367356 -0.020122044 1.1753054 0.20586774 -0.49737212 0.7225428 -2.0307353 -0.7311891 0.06720739
ironparadise -0.114367165 0.9185308 -0.33833754 0.20131701 1.0348301 0.6560773 -0.52060956 0.42628673 -0.6681171 0.32503337 0.8294554 0.8857027 0.17178166 -0.1726067 -0.7469252 1.5822406 -0.21001853 -0.12745696 -0.16297807 0.64633036 0.38394457 0.8422094 -1.8265522 -0.8627969 0.10622155 0.12579146 -0.1665873 1.0005224 0.15958801 1.7412932 0.12288474 -0.66573364 0.18353288 0.32645285 -0.9774185 0.43343195 0.8941057 -0.54440004 -0.6023828 0.2062831
rackcity 0.23608878 1.0292084 -0.33364746 0.2609103 0.7705881 0.64619523 -0.74983364 0.7103592 -1.0576029 0.21103974 0.5853653 1.009606 0.4859064 -0.12268173 -0.6645744 1.6095139 -0.28600398 -0.25357902 -0.2658152 0.70231736 0.22586879 0.8942261 -1.2922099 -0.71420455 0.109906375 -0.04485672 -0.17079146 1.0877558 0.23093028 1.4962136 0.19463223 -0.642852 0.15101573 0.24881814 -0.9398633 0.84005713 1.2117064 -0.42245597 -0.9933967 0.13715976
bringyourfunderwear 0.037118573 0.97151124 -0.4487316 0.3469952 0.9511873 1.0038296 -0.6856387 0.5770704 -0.83320963 0.18280087 0.8131214 1.112958 0.121279195 -0.31264216 -0.80187714 1.6512576 -0.12646 -0.21816345 -0.40220532 0.79425454 0.2067391 0.7713364 -1.6491683 -0.7298108 -0.012443799 -0.08986554 -0.26581973 1.191359 0.3637213 1.6641146 0.09121176 -0.79958266 -0.060509264 0.2703829 -0.9805476 0.62403464 1.1096022 -0.28932616 -1.0621903 0.15596706
ShaunRoig -0.7173452 0.41622466 -0.6861327 -0.26591882 0.47812858 0.1441955 0.5756718 0.35000974 -1.0384941 -0.953879 -0.4977155 0.47859514 0.22812507 0.27551132 0.25231493 -0.015713828 0.43411925 -0.74395776 0.42465672 0.7617891 -0.50600505 -0.15835346 -0.50421524 0.19051807 -0.105318494 0.18710084 -0.35698962 -0.59264725 -0.09421611 0.6266806 0.3328849 -0.58091956 1.459553 -0.015591532 -0.5599004 0.33469138 0.6277643 0.17159271 -0.4875972 0.2086652
AnointedS 0.08700188 -0.07395533 -1.0363728 -0.6209566 0.14000164 -0.77935165 -0.15059963 1.1430681 -1.2402334 -0.35281786 -0.29472214 0.6234896 0.31839135 0.6445577 -0.310992 0.25809407 0.55847955 -0.87510157 -0.29678276 -0.05267205 -0.39645368 -0.26077393 -0.46705067 -0.47667673 -0.7209054 0.12390325 -0.09787763 -0.2690546 0.27328274 0.3387242 -0.020684976 -0.5975288 1.8582616 0.15530354 0.18316056 -0.33859813 0.37555152 -0.29953647 -1.2891575 -0.5310704
BeatboxGenius -0.08963435 0.17567939 -0.8224485 0.13298264 0.34865394 -0.73360723 0.36832663 1.165718 -1.1400265 -1.1768513 -0.29582733 -0.033561982 0.54984164 0.17964491 -0.29365852 0.5447847 0.27077007 -1.0292803 -0.4948574 0.01678156 -0.19168743 0.38232434 -0.75757563 -0.13318662 -0.19513667 0.06827537 -0.7045437 -0.6080486 0.35105604 0.32612193 0.15635528 -0.3860471 1.0895232 0.028066278 -0.16433652 -0.2490125 0.085946254 -0.97922474 -0.76202524 0.12955111
HumanBeatbox -0.29290232 0.6433659 -0.57738596 0.12937067 0.7697647 -0.88260055 0.21567503 1.1668967 -0.6078498 -1.1483672 -0.31070283 0.11133858 0.7660407 -0.054805122 -0.17695713 0.6565946 0.5787497 -0.5805819 -0.24855195 -0.051986583 -0.15012747 0.4707111 -0.61044854 0.0861185 -0.056630105 0.2712391 -0.21426193 -0.77120286 -0.044653483 0.8617986 0.1874302 -0.039270326 0.5642121 -0.47237462 0.24885508 -0.2551693 0.44863316 -0.5402902 -1.0353508 0.038357522
Beatbox -0.06669281 0.3174432 -0.10961604 -0.87242556 0.7867345 -0.72698253 0.014627096 1.2760943 -0.8632839 -0.44770485 -0.15596369 -0.22362694 0.22919685 -0.21265438 -0.24750552 0.3837987 0.55208254 -0.4823569 -0.55880135 -0.09473881 -0.28032348 0.61360747 -0.20869972 0.2435679 -0.09820135 0.21270768 0.47592938 -0.55007845 0.36584562 1.0235128 0.08345038 -0.073378585 1.0786868 -0.062904164 0.16675891 -0.32585028 0.6230444 -0.3467537 -0.5280554 0.64578223
Beatboxer -0.5995463 -0.07719398 -0.19478433 -0.6146768 0.82158 -0.40868223 -0.12705693 1.2239401 -0.9833728 -0.72031313 -0.34564278 -0.2588121 0.38943398 0.0095366975 -0.015022704 -0.022326808 0.38166332 -0.45605615 -0.5326806 -0.025073038 -0.17044103 0.324591 0.21193577 -0.2914054 -0.09084574 -0.082599774 0.5560184 -0.6970282 0.08996825 0.7384286 0.33605608 -0.4592269 1.3593931 0.04285252 -0.16561683 -0.02968385 0.52142084 -0.09114447 -0.3328879 0.5064119
VocalPercussion -0.4893295 0.2523706 0.11222498 -0.3464462 0.598235 -0.25259012 -0.3025492 1.1260612 -0.6638131 -0.5543972 -0.49373037 -0.2213397 0.8845403 0.007389127 -0.024061471 -0.00075038406 0.35770625 -0.967161 -0.059864458 0.5230358 -0.13589804 0.061220247 -0.099017575 0.012918563 0.5759307 0.18708381 0.037918627 -0.539192 -0.58830297 0.22790313 0.6816894 0.009898412 0.7744609 -0.2011039 -0.59050953 -0.0020561814 0.6958902 0.089954376 0.24323863 0.5902138
OneManBand -0.0061783968 0.41899884 -0.7164204 -0.4318813 0.13588458 -0.33432218 -0.603286 1.1149577 -0.8157666 -0.14554065 -0.38997874 0.20398982 0.41678932 0.3959665 -0.06814336 0.3399723 0.7812504 -0.6910429 -0.024316095 0.5620336 0.1743837 -0.062403146 -0.26659474 -0.32489866 0.25301376 0.7214173 0.3655155 -0.023455227 -0.22662713 0.47273788 0.41254687 -0.044895355 0.9811453 0.28697628 0.3192571 -0.45845085 0.94107074 -0.041040167 -0.6740316 -0.14163503
TheRock 0.35049197 -0.16495949 -0.62101686 -0.2826304 0.0797064 -0.35093045 -1.0955042 1.4723898 -0.9713648 -0.04474826 -0.09739809 -0.8363645 1.1842666 0.2922134 -0.007612352 0.4406769 0.11064316 -1.1205915 -0.046278674 0.61345756 0.41536582 0.04644061 -0.5375967 -0.6645562 0.3283042 0.8002909 -0.2588234 0.1347293 -0.26340297 0.1844414 0.65260094 -0.015950557 0.48444518 0.33677557 -0.4783723 0.013369799 0.2968282 -0.504937 0.76942295 0.082977645
DwayneJohnson -0.13287255 -0.30969098 -0.40595862 0.014200687 0.300823 -0.4038535 -1.0519509 1.0091528 -0.51136816 -0.16390333 0.1618922 -0.20717464 1.0901519 0.13875219 0.23391019 0.63146293 0.089354016 -1.0238483 -0.15030558 -0.24426109 0.37739247 0.37896088 0.012604102 -0.93944985 0.3298435 0.18424375 -0.36455253 -0.25732017 -0.65797055 0.45227775 0.12206576 -0.37777042 -0.20782192 0.12065601 -0.30686375 -0.12961411 0.54468966 -0.21871242 0.0493415 -0.37033927
ProjectRock -0.17975703 -0.4991728 0.5768667 0.41861907 -0.09091093 -0.25530073 -0.45119494 0.95284843 -0.5587409 -0.04762877 0.88914067 0.7409736 1.1727 0.03576624 0.3131778 0.74318254 0.323318 -0.637207 -0.40574712 0.5234346 -0.07338338 0.50640106 -0.51958555 -0.5226079 0.7022112 0.28365728 -0.26114705 0.13392049 -0.077179775 -0.107020095 -0.14396274 0.32192165 -0.34339464 0.6129256 0.21568283 0.09763922 0.42675105 -0.81102073 0.3139956 0.04473023
IronWill 0.0921471 -0.064723246 -0.11718317 0.1172721 0.0725978 -0.53988445 -0.58946306 0.8785414 -0.24898075 0.32541412 0.81604457 0.016957149 0.31730682 -0.043857045 -0.21655932 0.94810176 0.3411493 -0.17383417 -0.56852514 0.049663045 0.30838352 0.5906117 -0.20465684 -1.0974011 0.28077897 0.41172582 0.46626592 0.21843658 0.27466974 0.12637761 -0.18171911 -0.23452844 -0.22506025 0.45391458 0.9498159 -0.5218384 0.38274387 -0.8679892 -0.14690708 -0.011648789
HardestWorkerInTheRoom -0.5547867 0.14585635 0.22320764 0.25951776 0.5734979 0.3980826 -0.4899544 0.5135532 -0.2322672 -0.04677454 0.6532011 -0.3309436 0.46084306 -0.48777646 0.030863006 0.65528804 0.08057549 -0.25054383 -0.13789901 0.35487324 0.2614585 0.9865013 0.2136054 -0.7248271 0.63207066 0.37754175 0.4162776 -0.3428771 0.24761207 0.44604754 0.116567254 -0.13805489 -0.5176754 0.43497038 0.19328263 -0.14637412 0.54118973 -0.49752235 0.5647369 0.62118435
SevenBucks -0.58292675 -0.1370014 0.5583978 -0.10456608 0.35827813 0.39315486 -0.67488265 0.4446221 -0.08787314 0.7178208 0.6170131 0.20049374 0.6568609 0.108123265 0.3279042 -0.008176582 0.18811122 0.53390074 0.4316787 0.5897567 0.32057196 0.40117767 0.4942709 -0.92889065 0.5325998 0.25454822 1.0490333 -0.07334227 -0.19866976 0.42192206 -0.17606573 -0.11029458 -0.0005167052 0.8678109 0.49827242 0.12651183 0.54228467 0.14527741 0.353251 -0.18045475
ThePeoplesChamp -0.46018142 -0.41320124 0.37965682 -0.33964518 -0.06717599 0.7019926 -0.5683685 0.31216168 -0.676915 0.7167194 0.5963557 0.13630569 0.35175645 0.38187376 0.3513893 0.15048948 0.04003421 -0.39100626 0.22148928 0.69351137 0.22582527 0.5341643 0.44063735 -0.84748983 0.83423036 0.5515536 0.3700125 0.30336514 0.15522799 0.2677047 -0.15994601 -0.4897653 0.2890451 1.4387455 -0.27718604 0.11973004 0.65696734 -0.03231667 0.82729447 0.080384895
IronWillCollection -0.45324644 -0.15660903 0.41759583 0.83133143 -0.2608542 0.39086562 -0.06032764 0.21099252 0.17049935 0.21092062 0.36338547 0.13811527 0.86499196 0.7663663 -0.077477045 0.17325124 -0.13802646 0.50550324 -0.06958039 1.5227705 -0.069397666 0.4492855 -0.09837813 -1.0646983 0.834639 0.05067603 0.67217505 0.4159667 -0.001358316 -0.95052385 -0.12739387 0.026748266 -0.1530312 0.6153431 0.7136261 -0.0697041 -0.15720104 -0.59063846 0.40162376 -0.33121392
UnderArmour -0.2612564 0.3151008 0.035728984 0.5591074 -0.015341823 0.45274606 -0.5046296 0.1454137 0.06387643 0.073039226 0.38484663 0.08972381 0.8943615 0.66565645 0.25333992 0.56543446 -0.26232368 -0.24143675 0.5313532 0.8574497 0.24798997 0.7006745 -0.21732134 -0.72660434 1.0105171 0.7149503 -0.25381607 0.4699331 -0.26335874 -0.014705724 -0.30153024 -0.10802834 -0.5702291 0.7480367 0.062631875 -0.37600917 0.43456158 -0.11468831 0.4409008 -0.59083045
IgersOfNYC 0.6272217 -0.14284253 -0.036732547 -0.24720591 -0.50380325 -0.032941107 -0.29471144 0.06632128 0.0091786785 0.8509566 0.5679606 -0.17911187 0.3723535 0.81606334 0.043360192 0.5758937 -0.16525665 0.4001801 0.2685137 0.5932246 0.23298357 0.31310725 -0.5383653 -0.6815818 0.38317853 0.51033276 0.14130996 0.48501232 0.13574225 -0.12261675 -0.8239423 -0.20323552 -0.26842085 0.86549693 0.77211183 -0.54998016 0.25786138 -0.4812522 0.4208688 -0.90279776
HipHop -0.3517192 0.039027937 0.28266692 0.25690192 0.010977889 0.36083093 0.48805252 -0.7797058 0.1649958 0.004741851 0.41545084 0.412147 0.1660248 0.36250657 0.15335463 0.47495177 -0.66980374 0.3593448 0.16274804 0.47744083 -0.408875 1.1692691 -0.42729002 -0.27509412 0.6337923 -0.0034499725 -0.15131718 -0.2950364 0.37005568 0.23635149 -1.0177343 -0.4580039 -0.3040412 0.35407913 0.25236776 -0.28097793 0.20288172 -0.71420753 0.2041322 -0.39264458
BronxNY -0.4247556 0.29772997 -0.21869296 0.03617037 0.16374548 0.4500872 0.036003973 -0.47134632 0.13467005 -0.14964859 0.19924696 0.6053052 0.057861093 0.61689615 0.31877682 0.44449013 -0.16997436 0.85007954 0.5299523 0.4341208 0.10991765 1.1940415 -0.46449503 -0.33346555 0.63890713 0.30625534 0.11782328 -0.3180201 0.09317735 0.6818388 -1.0520521 -0.53103507 0.0023656972 0.56830853 0.6624577 -0.4632468 0.6395934 -0.34125197 -0.43720764 -0.7664655
TheBronx -0.18392213 0.50348943 -0.47105348 -0.21279386 0.111753546 0.7189788 0.13509761 -0.32925883 -0.4176837 0.30701053 0.29162914 0.47223827 -0.3655012 0.33958232 0.100237705 0.43286732 0.00032079793 0.6072175 0.536929 0.8157677 0.0016883411 1.1322811 -0.42337477 -0.48943314 0.59838974 0.64713377 0.5051667 -0.29517663 0.55741394 0.75597495 -0.6645429 -0.6434863 0.37962717 0.8725288 0.7429428 -0.47286338 0.64384806 -0.4464945 -0.21158707 -0.25771028
ManhattanNYC 0.02569176 0.8220167 -0.6693836 -0.6225322 0.21225677 0.46762955 0.24764606 -0.4961207 -0.20574261 0.3381325 0.15114701 0.06260756 -0.55219734 0.4530836 0.33421105 0.1769622 -0.33119062 0.38453734 0.66161335 0.587346 0.34635326 1.466021 -0.016155822 -0.2197986 0.7955797 0.73773324 0.359266 -0.30527076 0.4496171 1.2408962 -0.99068624 -0.90272504 0.40204495 1.0654725 0.59686595 -0.41986993 0.5742483 -0.02650545 0.019756835 -0.11542305
Mana -0.65253645 0.6190556 -0.8455694 -0.007905065 0.33868483 0.79310083 -0.08464026 -0.5746411 -0.39114892 -0.31772158 0.018281758 0.698605 0.09308804 0.52983594 0.96274096 -0.11166874 -0.0667765 0.22506882 0.8282117 0.6701087 0.23055196 0.79796875 -0.5412508 0.22314322 0.5648417 0.807019 -0.22685182 -0.07672172 -0.05039858 1.4413744 -0.54806584 -0.40847114 0.31083697 1.0384752 -0.21797061 0.14368859 0.60427 0.29778993 -0.55761385 -0.60698485
ArtWepa 0.17286493 0.09887435 -1.1087322 -0.7825772 -0.27946392 0.0830794 0.028882207 -0.45064858 -0.5154934 0.30255792 0.18105353 0.9979922 -0.16054018 1.1075596 0.93516743 0.028288765 0.12997803 0.2250879 0.56910574 0.5742635 0.13767074 0.31165463 -1.0008842 0.1616635 0.35724115 0.49087113 -0.44564298 0.27239752 -0.013487576 1.1955863 -1.0620717 -0.8099415 0.6100106 1.0824704 0.14488153 -0.023296688 0.6030326 0.07232488 -0.75140935 -1.1294833
Wepa 0.11340213 0.4577579 -1.1001725 -0.13303232 -0.25636905 0.41499647 0.45278373 -0.8160063 -0.542873 0.008017506 0.2029269 0.6086791 -0.59922945 0.59632534 0.2412433 0.8383699 -0.09112266 -0.7212106 0.41163924 0.17571394 -0.13003303 0.5716185 -1.1065738 -0.0775009 0.5300937 0.85952216 -0.96187544 0.20026584 0.5319546 0.87799394 -0.79977494 -0.7562058 0.19356877 0.6506677 -0.08181703 -0.67437875 0.7268387 -0.71871907 -0.21217683 -0.48129907
gooddadgang -0.6612723 0.031960007 -1.8815647 -0.2878841 -0.27313 -0.9054748 0.34527117 -0.6683558 0.031491965 -0.59911907 0.7507565 0.15020445 0.26904857 0.4288405 1.3025479 -0.6235034 1.2971724 -1.1017401 0.0027084104 0.6568369 1.4302838 0.268713 -0.07618528 -1.1779988 0.39769334 -0.54229915 -0.43725726 0.19801007 0.7283035 0.7242872 0.15319848 0.067036994 0.03916161 0.69589424 0.9981629 0.64586973 0.9230285 -0.6390134 -0.7341004 0.5375084
witchodumbass -0.0029807147 0.008323488 0.005373665 0.011248465 -0.008123621 0.0021102186 -0.011071834 0.0038236836 -0.007329835 0.0005908357 -0.0011115894 -0.008073872 -0.003740129 0.0062417137 0.0032393439 0.011044216 -0.009419176 -0.0004188344 -0.0025506439 0.00085550826 0.0041413205 -0.0070678727 0.008295261 0.008771996 -0.010476125 -0.006101854 -0.0019533206 -0.0068688826 -0.0008011861 -0.009785941 -0.0106547875 0.0035984917 0.00040836632 0.004507291 0.00883495 0.008650453 0.00020650309 0.006673095 0.004598492 0.0051891087
sevenbucks -0.95895475 1.0150442 0.15295577 0.4948776 0.48359913 -0.0075819413 0.3552918 0.8126997 -0.49953896 -0.005241038 1.4771445 0.53378236 -0.111342676 -0.8299662 0.13796903 0.10311403 0.096525915 -1.4463297 0.5489728 0.66967297 0.29625332 -0.20668228 0.3466385 -1.1450927 0.57185984 0.56208724 -1.184101 0.85495967 0.26785323 1.8932421 -0.26074433 -0.81674486 1.3490574 0.36959082 1.3026208 -0.53577864 0.3493322 0.50401485 -1.3372612 -0.43902975
flashbackfriday -0.2932283 0.99003917 -0.45036387 0.2629144 1.2520701 -0.76001924 -1.4457045 -0.21777931 -0.28934202 0.15912658 0.6627877 1.496993 -0.607377 1.2019591 -0.0029236434 0.72829837 0.30948108 -0.8060074 -1.0140027 0.42166355 0.36541492 0.15430859 0.5690834 -0.5699199 -0.028451899 0.40077004 -1.0706332 -0.73018795 0.17674598 1.0395533 -0.015301281 -0.46824792 0.36813316 1.8081399 0.39472175 0.18468066 0.6418903 -0.30178523 0.08715579 -0.11702651
PornstacheJohnson -0.7253322 0.7227344 -0.49447975 0.12517111 1.1331985 -0.6735255 -1.3356045 -0.2960416 -0.48808557 0.45802212 0.88247573 1.504971 -0.4255513 1.0337596 0.070061654 0.61006564 0.3405242 -0.6842656 -1.2041293 0.35510314 -0.0070771044 -0.01521914 0.53003645 -0.45353025 -0.08906322 0.36139727 -1.1001096 -0.4917187 0.04179176 1.0356069 -0.06350261 -0.8544271 0.1656306 1.6006994 0.48722407 0.115665406 0.6554739 -0.339331 -0.047092598 -0.00012735801
YoureUnderArrest -0.42649817 0.8725001 -0.59416157 0.17534773 1.0984951 -0.7940112 -1.2822708 -0.27299687 -0.52812076 0.33220276 0.7303811 1.5545961 -0.60184836 1.0344155 0.11409347 0.60204035 0.46992043 -0.9532322 -0.98494846 0.39411083 0.2558099 -0.09845015 0.5402872 -0.6037282 -0.19764385 0.3792545 -1.2266679 -0.49944764 -0.04830519 1.0684476 0.031714134 -0.6645727 0.29620203 1.6599673 0.5086698 0.25744152 0.59307337 -0.27113453 -0.09704076 -0.077266335
nationalbossday -0.54148453 0.75150806 -0.020758124 0.3020655 0.3212062 0.1914547 0.772558 0.30459768 -0.864989 -0.1775168 1.2058336 0.9743936 -0.12957925 -0.42068854 0.466901 0.542858 0.26148435 -1.4650773 0.4463361 0.7122689 0.23372765 -0.06520343 0.16028112 -1.0940042 0.55842197 0.6135209 -0.3048211 0.82497954 -0.09636345 1.9545243 -0.27249074 -0.44296357 1.1034812 1.0022835 0.65870184 -0.43509826 0.46938187 0.25227302 -0.9089697 -0.866145
likeavoss -1.1404263 1.4827932 0.05219295 0.51997304 0.7467408 0.4662428 0.47813037 0.78463215 -0.20951553 -0.27781838 1.4707038 1.1296448 -0.22049372 -1.179658 0.56352335 -0.29153764 0.046927642 -0.82127464 0.40287176 0.11499315 0.31148705 -0.20193465 -0.38455868 -1.4466527 0.35970423 0.8117264 -0.37061927 1.0120828 0.4382221 1.9618495 0.2348947 -0.3312021 1.2709465 0.49179453 0.84023476 0.13910094 0.45147583 0.17604415 -1.0298929 -0.7476498
BehindTheAttraction -0.69963837 0.020172957 -1.4179507 -0.24846213 -0.15181306 0.91247946 -0.62204164 0.7277598 -1.2096384 -0.21132398 0.9022237 1.3215442 0.5622745 -0.18810326 0.48012537 1.1089112 0.71117383 -0.14962631 0.6095604 -0.19622672 0.6595876 -0.30452392 0.0048597036 -0.49635124 0.22548512 1.0457038 0.0780033 0.4164325 -0.14516026 0.5655635 -1.0176122 -0.998288 0.37249517 0.3846498 0.597855 0.16680142 0.35515493 -0.55609375 -1.0385902 1.2200063
SevenBucksProds -0.51473916 0.106676765 -1.3836226 -0.37839326 -0.20363422 0.969141 -0.5173351 0.69502467 -1.3070451 -0.21418084 0.811407 1.1562935 0.53598225 -0.46104446 0.5050044 0.9949158 0.51309675 -0.13627015 0.5558176 -0.34115374 0.82450366 -0.40197155 0.24633951 -0.34684235 0.29148564 1.051702 0.020201232 0.4876409 -0.3645666 0.5281444 -1.2894187 -1.0659705 0.41996393 0.34462523 0.45301047 0.26219788 -0.028618854 -0.5128154 -0.8318901 1.4089904
NacelleCompany -0.5652064 0.077926576 -1.376643 -0.333979 -0.1330422 1.0100406 -0.5751515 0.69204843 -1.231411 -0.25065973 0.7385445 1.3114355 0.6794112 -0.20266244 0.4399157 1.0451375 0.49222356 0.04441643 0.68520427 -0.23738094 0.59970415 -0.34998736 0.14755079 -0.21873696 0.2838272 1.0035056 0.016075904 0.4857424 -0.37439042 0.45005807 -1.3450782 -1.0352583 0.3727233 0.15130633 0.6027945 0.23592457 0.10784926 -0.4931495 -1.0164578 1.4080654
DisneyPlus -0.47927442 0.16718961 -1.4113716 -0.39953348 -0.11089828 0.97309047 -0.49084687 0.6387765 -1.2854247 -0.30132127 0.67984873 1.1768664 0.63026613 -0.28171661 0.55726784 0.9507903 0.47132757 0.017428562 0.66656 -0.29076293 0.71363074 -0.3485722 0.2858747 -0.20827611 0.27219787 1.1365007 0.01116075 0.44053623 -0.5064752 0.5821416 -1.4505063 -1.1010433 0.5040455 0.1932582 0.60486317 0.25440365 -0.012749789 -0.43319845 -0.8962704 1.435492
DISNEY -0.44919428 0.11019892 -1.3770622 -0.23344164 -0.08128858 0.80553687 -0.54537785 0.52861625 -1.2304022 -0.20462355 0.7479148 1.103734 0.61782837 -0.350101 0.57357144 0.9681005 0.4874789 -0.1004489 0.6745364 -0.4069206 0.6685831 -0.52911884 0.25581262 -0.29044825 0.12779325 1.0595411 0.056206122 0.37836388 -0.45540696 0.6187206 -1.1629288 -0.88856554 0.42876285 0.039472356 0.5788716 0.22685608 0.08320421 -0.40595758 -0.7813135 1.2779772
chemistry -0.004182296 0.00281352 0.006736518 -0.011430219 0.0006286707 -0.008485427 -0.011479534 -0.0026937574 -0.0006198585 -0.004937996 -0.003000508 -0.0061866716 0.010180564 -0.008984494 -0.0011069383 0.00152459 0.0064021023 -0.003916514 0.005340251 -0.011208236 -0.011707136 -0.0049896003 0.005145083 -0.0036749812 0.011662894 0.0008334797 0.011142605 0.007489157 0.005514278 0.004700388 -0.0092643695 -0.0025373306 0.0051764017 -0.0117526995 -0.005945824 -0.012168963 0.0076520434 0.0069314474 -0.0047589093 -0.007829614
kingcorbin -0.5345167 -0.2266133 -0.9657112 0.33540726 -0.081366494 0.19588472 -0.17313533 0.25044367 -0.94195354 1.1229786 0.7311023 0.35984024 -0.6849833 -0.2213426 1.3295112 0.5991464 1.2886364 -0.28053105 -0.35781932 0.19847818 0.7514505 0.48716632 -0.66588056 -0.7906023 0.2561544 0.75176066 -0.27432767 -0.93537825 -0.21958508 0.6576235 0.35931733 -0.913795 0.21057513 0.840263 -0.5545887 -0.43484396 -0.45422387 -0.19794947 -1.7229631 0.38503265
smackdown -0.2727542 -0.12589504 -0.854009 0.26261508 -0.06341169 0.20618346 -0.057987466 0.21523918 -0.9992609 1.2497324 0.5229327 0.1074426 -0.60703725 -0.39521715 1.2218574 0.46343076 1.2189579 -0.42816034 -0.39859182 0.30239022 0.7969469 0.6162855 -0.3422106 -0.68418324 0.30778044 0.7497114 -0.39736655 -0.9004785 -0.44953364 0.55602425 0.38800025 -0.79133725 0.05263967 0.7418478 -0.54883957 -0.39510104 -0.57089025 0.022774905 -1.5565752 0.40456453
rockbottom -0.031716987 0.007837654 -1.0514909 0.16111502 0.1153514 0.16263221 0.039494164 0.68499595 -1.3822875 1.5362614 0.593341 0.2703504 -0.79416174 -0.57930326 1.4331845 0.6222548 1.390217 -0.5372105 -0.29607397 0.7917154 0.9686977 1.1056951 -0.37679416 -1.09818 0.5509437 0.862148 -0.5203588 -1.3120482 -0.87574625 0.73420084 0.20003587 -1.233992 0.09731511 0.85552484 -0.33039784 -0.41006666 -0.85199976 0.17214733 -1.9627851 0.4281195
paneraitime -0.27313268 -0.14660054 -0.87298495 0.31500846 -0.00060808216 0.17108153 -0.15716897 0.2462185 -0.9731252 1.2756872 0.66673696 0.36596757 -0.45259547 -0.36526206 1.2266836 0.52544445 1.2771614 -0.38213623 -0.2689194 0.23845157 0.60556155 0.4283201 -0.45606792 -0.63056195 0.26791662 0.76706046 -0.3790197 -0.9590089 -0.53868127 0.55598575 0.3540649 -0.7481216 0.111333765 0.5230933 -0.5273524 -0.40394384 -0.5322548 0.07953564 -1.6253675 0.20898193
D23 -0.0015201103 0.0017783744 -0.0013549346 0.0045871614 0.008038032 -0.0036830353 -0.0015566256 0.00040718354 0.0027582692 0.0003594039 -0.001833491 0.0032695 -0.0066268756 -0.0012695417 -0.0020375801 0.0034891395 0.00051133055 -0.01182604 0.0070964852 -0.0045814244 0.0050566057 -0.00087335706 -0.0009979177 0.0079702 0.0017196061 0.0077308947 -0.00080926996 0.011957967 -0.006231721 -0.009455031 -0.0053950474 0.0005237628 0.002015544 -0.008636937 -0.00788264 0.0006298404 0.001509184 -0.003922874 -0.004520814 0.00096683484
JUNGLECRUISE -1.3610095 1.0674889 -0.86808246 -0.8576458 -0.15125723 0.03446712 0.11251016 0.9478679 0.06024643 -0.024291398 0.20457414 1.4872781 -0.7188331 0.64140666 0.28914842 1.6501617 1.2975312 -0.5717737 0.7321013 -0.46419618 -0.78315103 -0.26122075 -0.40309298 -1.2655348 -0.61607337 0.855331 -0.10490912 0.06750046 -0.33275333 0.7567342 -0.86029726 0.08833986 -0.6339439 1.0087941 -0.37762505 0.48906818 1.3806127 -0.44832096 0.119417146 0.6547128
KIRK -0.7911022 -0.08667656 -1.7792295 -0.40605256 -0.24258952 -0.90138924 0.19944464 -0.5069848 0.041384142 -0.5643047 0.75549924 0.10480424 0.31242707 0.38837656 1.2429186 -0.6749068 1.422077 -1.0905939 -0.038420234 0.5632795 1.4658687 0.112182155 0.17775308 -1.2232136 0.41980565 -0.56359065 -0.23618841 0.2174324 0.78691673 0.7583643 0.319312 0.10042542 0.064138494 0.66781324 1.0892215 0.6464398 1.0433791 -0.5628026 -0.7161912 0.6324287
hardestworkersintheroom -0.7982197 -0.43586573 -1.545652 -0.7789285 -0.3678796 -0.8168383 0.29724452 0.09559305 0.3587763 -0.24984159 1.2895986 0.69650626 0.0006416049 0.69261914 0.40187275 -0.2921854 2.0518618 -1.2359247 0.29214245 0.008506738 0.6657964 0.0052432986 0.11565474 -1.0354476 0.8690876 -0.31646574 -0.533579 -0.3370648 1.1578943 1.243943 -0.2494786 -0.042383123 -0.25320035 -0.1407496 1.2368304 0.3198054 0.9967238 -0.5733366 -0.5653561 0.62029564
Teremana 0.05463094 0.16952217 -0.92265975 -0.19026268 0.28217298 0.8306554 -0.4695547 1.1292338 -0.13411666 -0.762682 0.6271342 0.8721057 -0.502099 -0.79341334 0.22477843 0.0032191945 0.7615803 -0.6813349 -0.5014772 0.5631967 0.8647694 -0.5260392 -0.32092497 -0.5175703 -0.25838587 -0.31456953 -0.15817267 -0.18868765 0.14227147 0.83922416 -0.7658564 -0.90390867 -0.56182694 1.281162 -0.0034847911 -0.110109635 0.6070061 0.56448215 -0.29938704 -0.30514503
founder -0.075786024 0.28102136 -0.9350075 -0.050870374 0.08651059 0.62142533 -0.316969 0.8438766 -0.2960219 -0.52141994 0.58589894 0.8005652 -0.5297366 -0.6876025 0.10132923 0.25670984 0.8414798 -0.51116645 -0.42155305 0.4088174 0.6914316 -0.38671082 -0.35305652 -0.5564524 -0.17977057 -0.097778216 -0.00058218103 -0.18232533 0.43488908 0.690479 -0.40058416 -0.89010656 -0.47410762 1.0513176 0.090128586 -0.1496396 0.6612307 0.16718692 -0.323103 -0.2242064
tequila 0.11005113 0.14296702 -0.93800956 -0.07236726 0.15884815 0.89828473 -0.39438412 1.116127 -0.052122477 -0.7177195 0.72627467 1.0368721 -0.51983 -0.7224348 0.15436502 0.0029349653 0.8715106 -0.52335036 -0.472522 0.73645353 0.7976239 -0.62087464 -0.49843296 -0.4943332 -0.36428088 -0.2902523 -0.14293346 -0.24437365 0.21064503 0.5683617 -0.5381194 -0.83466285 -0.55158687 1.1753975 -0.05780559 -0.22539093 0.70711124 0.50099885 -0.19381393 -0.37113434
Q1 -0.15628943 0.5798311 -0.95576483 -0.26510638 -0.15661451 0.62905467 -0.41334957 1.0227827 0.041371502 -0.49493188 0.29411036 0.5620667 -0.5748512 -0.6220905 -0.030432379 0.55558723 0.81106216 -0.54434305 -0.3127861 0.4206825 0.40424246 -0.4679158 0.048626054 -0.59929883 -0.12892635 -0.36273265 -0.10456226 -0.16990891 0.3615171 0.64902306 -0.44279364 -0.9696782 -0.52729505 0.6842106 -0.07348771 -0.018998489 0.47965765 0.21836187 -0.21977456 -0.009843769
2020 0.04240102 0.15828708 -1.047786 -0.026170705 0.19772875 0.76437795 -0.49217248 1.1681116 -0.089743435 -0.7804927 0.81610554 0.98567754 -0.4899872 -0.58615524 0.18014304 0.14441356 0.87658465 -0.5654582 -0.37967166 0.6219225 0.8263869 -0.4146946 -0.51550806 -0.6100366 -0.24549276 -0.16900228 -0.14323778 -0.3176419 0.43609327 0.89392257 -0.6059771 -0.9224975 -0.6153404 1.3392823 0.08375774 -0.19995964 0.8262135 0.30298984 -0.17893305 -0.31758764
ironwill -0.22331014 0.052918855 -1.9048191 -0.71143115 -0.034668438 -1.1840878 0.056443572 -0.5100917 -0.1759124 -0.24933587 0.7143076 -0.077467225 0.46737158 0.36198547 1.5939459 -0.6660643 1.1818887 -1.4320406 0.07907911 0.41999498 1.5462389 0.4181154 0.18739499 -1.1542948 0.5425712 -0.27886266 -0.60936713 0.2362379 0.34792754 1.1876614 -0.106895246 0.21438353 0.04373963 0.68631846 0.81458974 0.79513204 0.9651959 -0.2283585 -0.4599584 0.3782109
hardestworkerintheroom 0.10670055 0.71774644 -2.2900481 -0.04103239 0.6949189 -1.1950449 0.077992745 -0.9702534 -0.18646075 0.11602589 0.90286124 0.3933239 0.25189793 -0.07854638 1.7098199 -0.438206 1.4236265 -1.0138712 -0.10837544 0.46018723 0.31200475 0.6123154 -0.14763007 -1.8249009 0.21345338 0.0060775704 0.117384374 0.016042111 1.0234989 0.41467342 -0.17116466 0.3791017 0.36171263 0.053407952 0.5983273 0.95480555 1.0401303 -0.16452004 -0.49388522 0.29127067
russobros -0.7563465 0.34824806 0.17177118 0.396747 0.23380944 0.10230109 0.4463917 0.19434543 -0.7440188 -0.10117695 1.5786685 0.8194569 -0.1290748 -0.33557102 0.3465103 0.84773916 0.37328193 -1.6163762 0.14921042 0.3850341 0.2506359 -0.52827686 0.26370636 -0.9323478 0.4320424 0.47039738 -0.14552662 0.78404415 0.10229395 2.0107017 -0.21157114 -0.40493703 1.0052228 1.1822461 0.3991693 -0.917142 0.5922354 0.23100188 -0.87762153 -0.8232465
buildstuff -1.1194956 0.026402278 -0.11370217 0.55507225 0.014479461 -0.3314645 -0.008975219 0.29021215 -0.58830935 0.09433935 1.8278193 0.23843347 -0.26076692 -0.1244363 0.07255654 0.888878 0.34078342 -1.6848973 0.2927712 0.44879225 0.4376525 -0.5497028 0.5069256 -0.8550031 0.46547383 0.2511823 -1.2092394 0.68673736 0.60632044 1.8509337 -0.3084213 -1.0515903 1.0829937 0.78215766 0.9653223 -1.1765021 0.5410209 0.19977967 -1.2258565 -0.042055614
1qtr 0.0076164287 0.3907527 -1.0894743 -0.20785694 -0.12771632 0.7105492 -0.45722792 1.0582876 0.2126909 -0.5208317 0.42237288 0.693916 -0.5966831 -0.5438449 0.054976903 0.54191154 0.8577508 -0.44573393 -0.45042965 0.39049816 0.5557454 -0.5705726 -0.17670703 -0.59865284 -0.07904875 -0.41499487 0.031841256 -0.10130238 0.45282602 0.6689184 -0.44532534 -1.0154924 -0.46727782 0.744009 0.00936595 -0.06895175 0.42477718 0.18288422 -0.29979426 -0.33842447
lightsnack -0.0018668305 0.00037954003 -0.0074524493 0.008762228 -0.007787417 -0.0031264257 -0.0062500834 0.007981808 0.008387613 0.009305588 -0.0011381758 -0.008031365 0.007138538 -0.007044639 0.010933003 0.0010186452 -0.006149857 -0.0029207189 0.0060594147 0.00810101 -0.009505548 0.0031653 0.008658168 0.005829462 -0.012102428 -0.004917176 -2.0610169e-05 -0.0064063235 0.009796192 -0.0011953982 0.0055164928 0.00865659 -0.008818758 0.0037687803 0.012110227 -0.005414316 0.0032531777 -0.0027183369 0.007629241 -0.0002065925
icherishthesemoments 0.008784666 -0.0008391738 0.009305057 -0.007987253 -0.0054217665 0.0020781383 -0.0047797277 -0.010060096 0.010147334 -0.0025346354 0.0073749432 -0.0020242082 -0.006139632 -0.0049282433 0.008400404 -0.00665068 -0.005857536 0.007196338 -0.009456928 -0.009837801 0.0066210283 -0.012281658 0.010603738 0.010280545 -6.91358e-05 -0.007403934 -0.0013698069 -0.0053275884 0.011356792 0.0068125306 0.011215259 -0.008528 -0.0014096033 0.010353166 -0.0031362893 -0.0087997615 -0.00620704 -0.0045535965 0.00042322092 -0.002702606
andgodblessmychair 0.15403856 1.2842155 -0.24936841 0.49594682 1.5981946 0.2806067 0.9975094 0.1904757 -0.69089097 0.07334413 -1.0150797 1.0135573 0.38765875 -0.14205356 0.97238797 1.4445728 1.3137687 -1.1049465 0.5639106 0.47225687 -0.2027808 -0.19039081 0.24536529 -1.0923612 -0.3013671 0.30183095 0.7909948 -0.11679109 0.2608768 0.7404958 -0.093222305 -1.477788 0.12483775 1.4016913 0.4587653 0.12402694 0.8972149 -0.32067028 -0.39230672 -0.9015869
twohands 0.00498484 -0.011423198 -0.0066485065 -0.0016137678 -0.010192582 -0.0014816597 0.000490414 0.00787929 -0.010865514 -0.009970427 -0.0117004085 0.008449045 -0.0017077532 0.0027897405 -0.00960467 -0.008889536 -0.00013872795 0.0024501476 0.010348647 -0.008857721 0.009060108 -0.009861846 -0.0014987513 -0.004107398 0.00076869875 -0.0016342159 -0.0044119414 0.0066519314 -0.011715551 0.005107804 0.01242376 0.005230843 -0.0048849257 -0.010628343 0.001647884 -0.009741443 -0.0068401457 -0.00061169546 0.010196903 0.0063009867
PR2s -0.846696 -0.39638758 -0.62246126 0.56908315 -0.41445792 -0.4074055 0.40266886 -0.14763756 0.16839568 -0.38502675 0.86878604 0.36126918 0.5496389 0.5048634 0.34285778 -0.10199221 0.6649064 -0.12161401 -0.39317077 1.2399942 0.19633792 0.15128559 -0.3496408 -0.77531683 0.3901036 -0.5483075 0.2980464 0.2649904 0.55505186 -0.47149554 0.14502136 0.13023828 -0.020382542 0.2274142 1.3729193 0.3452816 0.092584126 -0.9957976 -0.5668662 0.4867166
2 -0.45582896 0.4503998 -0.578557 -0.45532474 -0.21797588 -0.31638446 0.18329407 -0.5024239 -0.7809535 0.05075193 0.29140496 0.50331414 0.25114965 -0.2808774 0.088629685 -0.09561356 0.5686699 -0.500171 0.4302151 -0.34795436 1.2880945 0.22706226 -0.012055363 -0.7160226 -0.2866405 0.10542052 -0.454416 0.44448557 0.30581042 0.3101312 0.6340731 -0.115748815 -0.43326268 0.90898186 0.1693152 0.6265121 0.7916444 -0.6688665 -0.87365925 0.22778936
tbt -0.25841388 0.53631866 -0.45796335 -0.7919702 -0.12625746 -0.20943685 0.21217763 -0.23214519 -0.92248714 0.17831083 0.24644572 0.6702572 0.092872195 -0.32840163 -0.058557227 -0.066112176 0.55304784 -0.4953454 0.5337289 -0.0058330307 1.1601515 0.5189684 0.06180318 -0.7667201 -0.1544039 -0.017555175 -0.44339105 0.41000116 0.28609034 0.3256135 0.4545529 -0.28537312 -0.23289461 1.0608065 0.37207934 0.70446813 0.86136246 -0.5518586 -0.82772064 0.28302124
SugarBowl -0.42439505 0.43055037 -0.19568942 -0.52735627 -0.24228798 -0.12952897 0.1221078 -0.2626378 -0.8747523 0.107344106 0.28529882 0.54709834 0.13995582 -0.35998765 -0.24913968 0.022334458 0.55969507 -0.411388 0.40236905 -0.35441107 1.2315388 0.22314192 -0.05735769 -0.6169602 -0.3800468 0.12133127 -0.40983757 0.567831 0.254796 0.34550524 0.693694 -0.25677168 -0.43130606 1.134019 0.20961969 0.45977852 0.83133036 -0.70294636 -0.9352418 0.17688194
NationalChampionship -0.59388745 0.48785412 -0.32222706 -0.4694023 -0.27789086 -0.34913093 0.27908367 -0.40122387 -0.8758143 -0.0563674 0.26825747 0.38520178 0.07466282 -0.27925226 0.024242422 -0.11805046 0.4473181 -0.3456201 0.31717315 -0.31778622 1.3939936 0.41812816 0.0033558484 -0.7262782 -0.25533143 0.15309185 -0.38115904 0.5513043 0.23652051 0.47437876 0.6084016 -0.30711755 -0.46562356 1.1648026 0.03991054 0.7653651 0.77672446 -0.65798086 -0.90958434 0.3518981
TheU -0.50931776 0.61412907 -0.6150789 -0.49966407 -0.168755 -0.26906523 0.14768067 -0.55349183 -0.83873785 0.14748816 0.21830249 0.5990642 0.10292916 -0.39803514 0.03397329 -0.04245696 0.6240656 -0.6053526 0.538099 -0.4113606 1.2387795 0.2353019 -0.030960822 -0.6683372 -0.35303906 0.18460687 -0.46162435 0.39280325 0.19288325 0.45164132 0.6892791 -0.085919075 -0.34563333 1.0225117 0.31691194 0.5617722 0.88365865 -0.59880257 -1.0653642 0.20017058
IthinkIHaveAMullet -0.46256965 0.58448094 0.026159022 -0.31786573 0.06395476 0.2993124 -0.13649607 0.07478812 -1.3280847 0.28082356 0.016791869 0.8240393 0.032036666 -0.54935664 -0.44865447 0.5496071 0.34971893 -0.20076554 0.60745424 -0.61788297 0.74977696 0.40654466 -0.123860285 -0.46042603 -0.44146615 0.73162174 -0.28524727 0.2607316 0.0065060514 0.48429933 0.7524409 -0.44177297 -0.35314447 1.1889014 -0.1876441 0.28922385 0.8723959 -0.55100685 -0.974069 -0.14846574
Youths -1.0197 -0.24162619 0.25912166 1.5741473 -0.42807117 0.8841139 0.69956017 0.66619194 -0.56720424 -0.39452565 0.75708026 1.9184197 0.5055924 0.0939235 -0.95592356 1.2893184 0.953751 0.65529644 -0.11329318 2.004924 -1.0828056 0.4892875 -0.82897586 -1.5136957 0.11908318 -0.3812647 0.6868211 0.32524982 0.6771875 -1.7589939 0.20469268 -0.394301 -0.50830674 0.30395523 1.8656696 0.25748652 -0.022529218 -1.82938 -1.0841988 0.23069735
HardestWorkersInTheRoom -0.62080836 0.009736714 -0.14930975 1.3459103 -0.23264982 0.62262803 0.4032958 0.6171243 -0.48865473 -0.23421593 0.5515927 1.5128387 0.122839056 0.046021905 -0.7181631 0.825013 0.75146204 0.4628019 -0.22568609 1.2691767 -0.872949 -0.13388152 -0.77761906 -1.0926579 -0.05080891 -0.016864315 0.6159819 0.32625657 0.3967339 -1.1734278 0.1627201 -0.26781905 0.106128514 0.1819858 1.2705878 -0.09621791 -0.1564545 -1.2110115 -0.9103187 -0.06692288
